10 9
11 10
19 18
22 21
39 38
40 39
43 42
52 51
69 68
83 82
96 95
125 124
135 134
147 146
150 149
168 167
177 176
183 182
188 187
193 192
203 202
210 209
214 213
217 216
220 219
224 223
253 252
255 254
259 258
260 259
263 262
268 267
269 268
272 271
302 301
311 310
317 316
319 318
333 332
343 342
344 343
346 345
364 363
376 375
393 392
411 410
424 423
433 432
463 462
477 476
485 484
513 512
532 531
534 533
537 536
564 563
639 638
652 651
665 664
682 681
688 687
689 688
702 701
732 731
759 758
765 764
766 765
776 775
780 779
782 781
784 783
792 791
794 793
799 798
808 807
812 811
856 855
870 869
939 938
942 941
948 947
952 951
989 988
1011 1010
1048 1047
1053 1052
1054 1053
1058 1057
1069 1068
1080 1079
1086 1085
1093 1092
1098 1097
1106 1105
1132 1131
1135 1134
1136 1135
1137 1136
1140 1139
1142 1141
1156 1155
1177 1176
1220 1219
1240 1239
1242 1241
1263 1262
1285 1284
1289 1288
1293 1292
1327 1326
1331 1330
1332 1331
1337 1336
1351 1350
1370 1369
1389 1388
1409 1408
1430 1429
1447 1446
1493 1492
1517 1516
1532 1531
1557 1556
1583 1582
1606 1605
1659 1658
1663 1662
1673 1672
1677 1676
1681 1680
1694 1693
1705 1704
1716 1715
1735 1734
1749 1748
1761 1760
1813 1812
1829 1828
1855 1854
1860 1859
1870 1869
1890 1889
1897 1896
1905 1904
1912 1911
1919 1918
1920 1919
1986 1985
1996 1995
2003 2002
2004 2003
2005 2004
2006 2005
2007 2006
2019 2018
2022 2021
2023 2022
2025 2024
2034 2033
2037 2036
2041 2040
2042 2041
2044 2043
2048 2047
2059 2058
2069 2068
2085 2084
2093 2092
2094 2093
2109 2108
2115 2114
2121 2120
2122 2121
2129 2128
2132 2131
2133 2132
2140 2139
2143 2142
2162 2161
2164 2163
2167 2166
2170 2169
2179 2178
2200 2199
2201 2200
2202 2201
2205 2204
2221 2220
2225 2224
2235 2234
2252 2251
2255 2254
2289 2288
2290 2289
2303 2302
2305 2304
2315 2314
2318 2317
2336 2335
2338 2337
2369 2368
2372 2371
2395 2394
2409 2408
2410 2409
2416 2415
2423 2422
2433 2432
2470 2469
2475 2474
2483 2482
2493 2492
2539 2538
2542 2541
2571 2570
2572 2571
2593 2592
2626 2625
2631 2630
2638 2637
2639 2638
2679 2678
2682 2681
2683 2682
2716 2715
2761 2760
2762 2761
2774 2773
2777 2776
2778 2777
2814 2813
2817 2816
2836 2835
2839 2838
2846 2845
2851 2850
2872 2871
2880 2879
2909 2908
2911 2910
2912 2911
2920 2919
2936 2935
2937 2936
2952 2951
2955 2954
2977 2976
2979 2978
3013 3012
3014 3013
3040 3039
3074 3073
3099 3098
3104 3103
3113 3112
3155 3154
3158 3157
3163 3162
3214 3213
3219 3218
3234 3233
3274 3273
3303 3302
3308 3307
3319 3318
3348 3347
3355 3354
3368 3367
3369 3368
3382 3381
3383 3382
3415 3414
3421 3420
3485 3484
3490 3489
3497 3496
3512 3511
3515 3514
3528 3527
3532 3531
3552 3551
3610 3609
3636 3635
3772 3771
3774 3773
3789 3788
3792 3791
3797 3796
3816 3815
3842 3841
3843 3842
3849 3848
3852 3851
3874 3873
3903 3902
3913 3912
3927 3926
3943 3942
3945 3944
3954 3953
3976 3975
3998 3997
