9
10
18
21
38
39
42
51
68
82
95
124
134
146
149
167
176
182
187
192
202
209
213
216
219
223
252
254
258
259
262
267
268
271
301
310
316
318
332
342
343
345
363
375
392
410
423
432
462
476
484
512
531
533
536
563
638
651
664
681
687
688
701
731
758
764
765
775
779
781
783
791
793
798
807
811
855
869
938
941
947
951
988
1010
1047
1052
1053
1057
1068
1079
1085
1092
1097
1105
1131
1134
1135
1136
1139
1141
1155
1176
1219
1239
1241
1262
1284
1288
1292
1326
1330
1331
1336
1350
1369
1388
1408
1429
1446
1492
1516
1531
1556
1582
1605
1658
1662
1672
1676
1680
1693
1704
1715
1734
1748
1760
1812
1828
1854
1859
1869
1889
1896
1904
1911
1918
1919
1985
1995
2002
2003
2004
2005
2006
2018
2021
2022
2024
2033
2036
2040
2041
2043
2047
2058
2068
2084
2092
2093
2108
2114
2120
2121
2128
2131
2132
2139
2142
2161
2163
2166
2169
2178
2199
2200
2201
2204
2220
2224
2234
2251
2254
2288
2289
2302
2304
2314
2317
2335
2337
2368
2371
2394
2408
2409
2415
2422
2432
2469
2474
2482
2492
2538
2541
2570
2571
2592
2625
2630
2637
2638
2678
2681
2682
2715
2760
2761
2773
2776
2777
2813
2816
2835
2838
2845
2850
2871
2879
2908
2910
2911
2919
2935
2936
2951
2954
2976
2978
3012
3013
3039
3073
3098
3103
3112
3154
3157
3162
3213
3218
3233
3273
3302
3307
3318
3347
3354
3367
3368
3381
3382
3414
3420
3484
3489
3496
3511
3514
3527
3531
3551
3609
3635
3771
3773
3788
3791
3796
3815
3841
3842
3848
3851
3873
3902
3912
3926
3942
3944
3953
3975
3997
