84 83
275 274
612 611
618 617
696 695
910 909
938 937
1178 1177
1184 1183
1209 1208
1236 1235
1287 1286
1309 1308
1321 1320
1338 1337
1343 1342
1345 1344
1348 1347
1352 1351
1392 1391
1399 1398
1437 1436
1518 1517
1536 1535
1537 1536
1652 1651
1739 1738
1768 1767
1779 1778
1812 1811
1829 1828
1873 1872
1893 1892
1999 1998
2011 2010
2127 2126
2319 2318
2328 2327
2382 2381
2415 2414
2453 2452
2457 2456
2476 2475
2494 2493
2541 2540
2576 2575
2597 2596
2685 2684
2711 2710
2726 2725
2743 2742
2744 2743
2752 2751
2765 2764
2768 2767
2785 2784
2788 2787
2796 2795
2811 2810
2823 2822
2826 2825
2915 2914
2959 2958
2996 2995
3003 3002
3037 3036
3065 3064
3072 3071
3088 3087
3102 3101
3112 3111
3127 3126
3161 3160
3171 3170
3203 3202
3219 3218
3248 3247
3254 3253
3288 3287
3317 3316
3325 3324
3380 3379
3401 3400
3404 3403
3422 3421
3428 3427
3513 3512
3568 3567
3584 3583
3592 3591
3618 3617
3635 3634
3645 3644
3667 3666
3686 3685
3713 3712
3741 3740
3762 3761
3775 3774
3781 3780
3828 3827
3842 3841
3984 3983
