83
274
611
617
695
909
937
1177
1183
1208
1235
1286
1308
1320
1337
1342
1344
1347
1351
1391
1398
1436
1517
1535
1536
1651
1738
1767
1778
1811
1828
1872
1892
1998
2010
2126
2318
2327
2381
2414
2452
2456
2475
2493
2540
2575
2596
2684
2710
2725
2742
2743
2751
2764
2767
2784
2787
2795
2810
2822
2825
2914
2958
2995
3002
3036
3064
3071
3087
3101
3111
3126
3160
3170
3202
3218
3247
3253
3287
3316
3324
3379
3400
3403
3421
3427
3512
3567
3583
3591
3617
3634
3644
3666
3685
3712
3740
3761
3774
3780
3827
3841
3983
